  -82854.436        915.310662      -5528.943505      3035.051985       0.000000      -0.000000       0.000000
  -79255.000      -4536.001665       4367.952516     -2185.223404      -5.350497      -4.242861       2.615797
  -75655.000       7450.848917        399.125024     -1476.403563       2.220147       8.146295      -4.771976
  -72055.000       7409.107649      21429.025176    -11710.951940       0.295032       4.414015      -1.823246
  -68455.000      11732.287692      34957.111265    -17008.024979       2.070724       3.163033      -1.221146
  -64855.000      21886.188743      44125.033031    -20875.925218       3.498882       1.889304      -0.955175
  -61255.000      36354.120294      48229.310514    -24012.331919       4.452528       0.347102      -0.798826
  -57655.000      53279.207689      46368.637615    -26687.294639       4.852877      -1.405652      -0.693308
  -54055.000      70571.071291      38023.079741    -29037.633994       4.651586      -3.228731      -0.616040
  -50455.000      86041.348680      23242.245102    -31143.666646       3.844272      -4.951272      -0.556323
  -46855.000      97575.905110       2706.062270    -33057.190118       2.477060      -6.397519      -0.508369
  -43255.000     103318.407582     -22293.504811    -34813.874154       0.646557      -7.406143      -0.468744
  -39655.000     101843.647144     -49934.409072    -36439.502808      -1.505654      -7.846439      -0.435268
  -36055.000      92302.624493     -77999.351516    -37953.422644      -3.803034      -7.631427      -0.406483
  -32455.000      74524.934614    -104051.340823    -39370.586989      -6.047610      -6.727255      -0.381373
  -28855.000      49067.941522    -125635.422415    -40702.835612      -8.035803      -5.158247      -0.359204
  -25255.000      17206.744577    -140490.072873    -41959.732483      -9.575265      -3.007181      -0.339432
  -21655.000     -19136.178831    -146750.840384    -43149.134654     -10.501327      -0.410718      -0.321646
  -18055.000     -57517.804173    -143129.164524    -44277.590636     -10.691703       2.449740      -0.305526
  -14455.000     -95149.317881    -129050.975272    -45350.626880     -10.078223       5.361116      -0.290820
  -10855.000    -129106.178246    -104742.562434    -46372.957928      -8.654567       8.094702      -0.277327
   -7255.000    -156557.718137     -71255.130061    -47348.644729      -6.479294      10.423964      -0.264882
   -3655.000    -174998.573065     -30424.109430    -48281.215194      -3.673801      12.142747      -0.253353
     -55.000    -182463.621884      15235.633694    -49173.757003      -0.415243      13.082445      -0.242627
    3545.000    -177708.957015      62692.494595    -50028.991521       3.075156      13.126780      -0.232612
    7145.000    -160343.594632     108607.836162    -50849.331898       6.547623      12.222961      -0.223229
   10745.000    -130900.075425     149577.871588    -51636.929778       9.742060      10.388262      -0.214412
   14345.000     -90836.526180     182390.011195    -52393.713889      12.407657       7.711406      -0.206102
   17945.000     -42467.836943     204274.376076    -53121.420618      14.322411       4.348491      -0.198250
   21545.000      11171.010129     213131.055057    -53821.620540      15.311052       0.513650      -0.190813
   25145.000      66521.166097     207715.014117    -54495.739299      15.259984      -3.535007      -0.183754
   28745.000     119742.652824     187763.328429    -55145.076121      14.128004      -7.513194      -0.177040
   32345.000     166986.709940     154053.367845    -55770.818889      11.951907     -11.130775      -0.170642
   35945.000     204678.178912     108385.488745    -56374.056918       8.846398     -14.113126      -0.164534
   39545.000     229787.100669      53489.291274    -56955.792647       4.998200     -16.221969      -0.158692
   43145.000     240068.975417      -7141.802382    -57516.950226       0.654626     -17.274103      -0.153098
   46745.000     234254.970480     -69477.424226    -58058.384612      -3.892655     -17.156593      -0.147732
   50345.000     212176.603452    -129223.548943    -58580.888311      -8.327574     -15.837186      -0.142578
   53945.000     174813.916543    -182123.343848    -59085.197401     -12.331960     -13.369090      -0.137622
   57545.000     124261.539595    -224264.244314    -59571.997504     -15.608584      -9.889609      -0.132849
   61145.000      63612.948193    -252368.947935    -60041.928118     -17.903281      -5.612606      -0.128248
   64745.000      -3230.758488    -264048.686190    -60495.586879     -19.024499      -0.815187      -0.123807
   68345.000     -71815.569672    -257999.392901    -60933.533514     -18.858791       4.180535      -0.119517
   71945.000    -137435.865944    -234125.117958    -61356.293051     -17.381033       9.029387      -0.115368
   75545.000    -195461.645587    -193577.987095    -61764.358732     -14.658498      13.387284      -0.111352
   79145.000    -241668.672371    -138709.835973    -62158.194596     -10.848370      16.935859      -0.107462
   82745.000    -272547.837355     -72936.943559    -62538.237807      -6.188733      19.405814      -0.103689
   86345.000    -285571.030557       -525.603681    -62904.900784      -0.983542      20.597275      -0.100027
   89945.000    -279393.486494      73687.854076    -63258.573204       4.417447      20.395620      -0.096471
   93545.000    -253976.735000     144623.985906    -63599.623941       9.642459      18.781557      -0.093014
   97145.000    -210621.677802     207311.742692    -63928.402345      14.323561      15.834600      -0.089652
  100745.000    -151907.558068     257240.010813    -64245.239264      18.122772      11.729591      -0.086379
  104345.000     -81539.247582     290684.160558    -64550.449002      20.756580       6.726355      -0.083192
  107945.000      -4111.872979     304983.885336    -64844.330149      22.017062       1.153124      -0.080085
  111545.000      75192.124442     298751.662162    -65127.166693      21.788066      -4.615216      -0.077055
  115145.000     150953.315108     271995.731515    -65399.229001      20.055182     -10.182593      -0.074099
  118745.000     217889.082095     226147.294041    -65660.774706      16.908711     -15.159182      -0.071212
  122345.000     271224.900752     163988.250392    -65912.049474      12.539284     -19.188902      -0.068392
  125945.000     307036.837734      89482.807690    -66153.287810       7.226332     -21.975006      -0.065636
  129545.000     322540.611219       7523.146104    -66384.713732       1.320082     -23.301941      -0.062940
  133145.000     316305.934905     -76394.408600    -66606.541482      -4.781719     -23.051858      -0.060303
  136745.000     288379.809938    -156541.081570    -66818.975864     -10.660819     -21.214519      -0.057721
  140345.000     240308.607942    -227349.869012    -67022.213015     -15.907354     -17.889812      -0.055193
  143945.000     175055.769657    -283804.955443    -67216.440849     -20.148603     -13.282566      -0.052716
  147545.000      96819.258130    -321798.928180    -67401.839552     -23.075590      -7.689930      -0.050287
  151145.000      10760.025633    -338432.251466    -67578.581968     -24.465622      -1.482089      -0.047906
  154745.000     -77340.821088    -332233.155793    -67746.833868     -24.199118       4.922421      -0.045570
  158345.000    -161473.209842    -303281.384072    -67906.754525     -22.269470      11.085135      -0.043277
  161945.000    -235810.982600    -253225.755978    -68058.496991     -18.785142      16.577886      -0.041026
  165545.000    -295117.916167    -185192.830131    -68202.208457     -13.963766      21.012724      -0.038816
  169145.000    -335118.433979    -103591.543169    -68338.030510      -8.118531      24.069447      -0.036643
  172745.000    -352806.661284     -13826.058880    -68466.099278      -1.637721      25.518758      -0.034508
  176345.000    -346671.457386      78064.355725    -68586.545903       5.041239      25.239396      -0.032408
  179945.000    -316820.653977     165814.268336    -68699.496708      11.461505      23.227951      -0.030343
  183545.000    -264994.573505     243361.962703    -68805.073439      17.178252      19.600604      -0.028312
  187145.000    -194466.518343     305270.594406    -68903.393563      21.789661      14.586550      -0.026312
  190745.000    -109835.787672     347111.209599    -68994.570178      24.965285       8.513492      -0.024343
  194345.000     -16726.346515     365780.541361    -69078.712478      26.469787       1.786116      -0.022404
  197945.000      78589.001948     359730.736526    -69155.925862      26.180334      -5.141041      -0.020493
  201545.000     169613.673200     329094.055947    -69226.312097      24.096382     -11.794475      -0.018611
  205145.000     250072.616368     275692.724510    -69289.969491      20.341066     -17.714264      -0.016755
  208745.000     314347.197488     202932.001481    -69346.993061      15.154028     -22.486022      -0.014925
  212345.000     357869.367414     115582.650896    -69397.474496       8.876094     -25.770030      -0.013120
  215945.000     377447.357562      19466.750481    -69441.502494       1.926763     -27.325482      -0.011340
  219545.000     371499.628291     -78932.362997    -69479.162825      -5.223968     -27.028130      -0.009582
  223145.000     340179.947861    -172909.735723    -69510.538445     -12.087565     -24.880017      -0.007848
  226745.000     285383.880016    -255998.054382    -69535.709616     -18.190500     -21.010565      -0.006135
  230345.000     210635.104246    -322414.904963    -69554.754068     -23.107079     -15.668845      -0.004444
  233945.000     120858.320718    -367466.961234    -69567.746873     -26.489255      -9.207506      -0.002773
  237545.000      22053.424729    -387882.745532    -69574.760773     -28.091339      -2.059383      -0.001122
  241145.000     -79107.389279    -382050.307326    -69575.866195     -27.787846       5.291637       0.000509
  244745.000    -175732.401773    -350142.559166    -69571.131337     -25.583190      12.343535       0.002122
  248345.000    -261182.143454    -294120.652024    -69560.622247     -21.612471      18.610609       0.003717
  251945.000    -329527.725521    -217614.145356    -69544.402938     -16.133248      23.657072       0.005295
  255545.000    -375963.949716    -125685.252284    -69522.535379      -9.508782      27.127479       0.006855
  259145.000    -397148.307061     -24492.526303    -69495.079562      -2.183844      28.771841       0.008399
  262745.000    -391441.884158      79123.565476    -69462.093643       5.345279      28.463643       0.009927
  266345.000    -359034.805034     178105.163179    -69423.633972      12.564566      26.209485       0.011440
  269945.000    -301946.700243     265659.938884    -69379.755149      18.977515      22.149596       0.012938
  273545.000    -223901.271432     335729.236390    -69330.510082      24.139430      16.549143       0.014422
  277145.000    -130082.720020     383409.028820    -69275.950073      27.688381       9.780854       0.015891
  280745.000     -26790.028725     405294.338316    -69216.124794      29.370659       2.300107       0.017347
  284345.000      78987.748632     399722.858642    -69151.082331      29.058942      -5.385838       0.018789
  287945.000     180046.426262     366900.329538    -69080.869308      26.761865     -12.752387       0.020219
  291545.000     269459.439843     308898.269984    -69005.530888      22.624281     -19.293569       0.021637
  295145.000     341054.569905     229523.436874    -68925.110821      16.918135     -24.556932       0.023043
  298745.000     389841.695166     134067.228991    -68839.651481      10.024535     -28.174953       0.024437
  302345.000     412361.824250      28951.592573    -68749.193904       2.408191     -29.890789       0.025819
  305945.000     406932.918855     -78704.777439    -68653.777875      -5.414040     -29.576546       0.027191
  309545.000     373775.007328    -181570.514093    -68553.441775     -12.908370     -27.242769       0.028553
  313145.000     315005.324234    -272602.879853    -68448.222804     -19.560658     -23.038462       0.029904
  316745.000     234503.125250    -345531.877946    -68338.156946     -24.911818     -17.241565       0.031245
  320345.000     137652.815906    -395293.769125    -68223.279002     -28.589619     -10.240521       0.032577
  323945.000      30982.465303    -418383.913022    -68103.622610     -30.334665      -2.508142       0.033900
  327545.000     -78277.929313    -413104.270776    -67979.220274     -30.018734       5.430445       0.035214
  331145.000    -182688.416016    -379688.051814    -67850.103399     -27.654183      13.033603       0.036519
  334745.000    -275107.690486    -320292.375645    -67716.302337     -23.393720      19.780285       0.037816
  338345.000    -349183.424364    -238858.874064    -67577.846241     -17.520529      25.205879       0.039106
  341945.000    -399790.528727    -140851.259000    -67434.763274     -10.429385      28.934316       0.040387
  345545.000    -423387.008451     -32887.391282    -67287.080563      -2.600013      30.704230       0.041661
  349145.000    -418262.619340      77709.276178    -67134.824218       5.435486      30.387328       0.042928
  352745.000    -384662.826898     183408.360222    -66978.019342      13.128939      27.997688       0.044188
  356345.000    -324779.087210     276987.230433    -66816.690046      19.953636      23.691308       0.045441
  359945.000    -242605.641693     352026.404500    -66650.859461      25.440526      17.755896       0.046689
  363545.000    -143672.207342     403351.553546    -66480.549852      29.210566      10.591582       0.047930
  367145.000     -34670.516282     427391.576255    -66305.782329      31.001004       2.683847       0.049165
  370745.000      76999.976511     422427.880797    -66126.577106      30.683738      -5.429503       0.050395
  374345.000     183736.262025     388717.422929    -65942.953468      28.274502     -13.195044       0.051620
  377945.000     278251.342791     328480.684052    -65754.929763      23.932183     -20.081626       0.052840
  381545.000     354073.560197     245755.040125    -65562.523400      17.948314     -25.616837       0.054055
  385145.000     405991.345436     146123.233173    -65365.750857      10.727439     -29.419521       0.055265
  388745.000     430412.722254      36335.272612    -65164.627674       2.759654     -31.226121       0.056472
  392345.000     425614.678266     -76150.532597    -64959.168459      -5.412768     -30.909005       0.057674
  395945.000     391865.038153    -183676.089405    -64749.387065     -13.232425     -28.485502       0.058873
  399545.000     331408.199535    -278906.788160    -64535.296027     -20.164936     -24.117012       0.060068
  403145.000     248315.438592    -355333.637499    -64316.907094     -25.735597     -18.098218       0.061261
  406745.000     148209.799892    -407719.770290    -64094.231073     -29.561996     -10.837146       0.062450
  410345.000      37884.227376    -432460.582084    -63867.277812     -31.380363      -2.827399       0.063637
  413945.000     -75161.037587    -427832.649725    -63636.056187     -31.063816       5.385515       0.064821
  417545.000    -183230.175347    -394114.182835    -63400.574087     -28.631239      13.241467       0.066004
  421145.000    -278957.587142    -333568.564932    -63160.838399     -24.246179      20.204050       0.067185
  424745.000    -355811.722874    -250291.938450    -62916.855051     -18.205814      25.797331       0.068364
  428345.000    -408542.352457    -149935.131038    -62668.628967     -10.920741      29.638502       0.069542
  431945.000    -433540.543350     -39318.865633    -62416.163679      -2.886971      31.464178       0.070719
  435545.000    -429086.575416      74031.449615    -62159.461828       5.347965      31.148518       0.071895
  439145.000    -395468.702174     182399.513644    -61898.524941      13.222462      28.711935       0.073072
  442745.000    -334964.526592     278405.303273    -61633.353395      20.199280      24.319777       0.074248
  446345.000    -251686.192762     355509.480049    -61363.946381      25.802326      18.271068       0.075425
  449945.000    -151299.949787     408460.435900    -61090.301900      29.649262      10.978086       0.076602
  453545.000     -40639.277252     433653.307234    -60812.416814      31.477691       2.938159       0.077781
  457145.000      72761.924238     429376.324515    -60530.286199      31.163122      -5.300362       0.078961
  460745.000     181184.074754     395927.599890    -60243.904005      28.727482     -13.175639       0.080143
  464345.000     277249.301781     335594.351942    -59953.262749      24.337584     -20.150797       0.081327
  467945.000     354425.312710     252496.014255    -59658.353448      18.293674     -25.750657       0.082514
  471545.000     407471.218658     152302.021840    -59359.165544      11.008824     -29.594223       0.083704
  475145.000     432794.772039      41843.672095    -59055.687038       2.980606     -31.420706       0.084898
  478745.000     428696.576101     -71353.280399    -58747.903711      -5.243016     -31.107286       0.086096
  482345.000     395484.599838    -179583.201603    -58435.799625     -13.101210     -28.677403       0.087298
  485945.000     335451.248455    -275487.025153    -58119.356944     -20.058671     -24.299024       0.088506
  489545.000     252714.681594    -352554.473591    -57798.555756     -25.642212     -18.272998       0.089720
  493145.000     152935.391650    -405567.655516    -57473.373974     -29.473070     -11.012322       0.090940
  496745.000      42927.607433    -430955.701058    -57143.787270     -31.292699      -3.013737       0.092167
  500345.000     -69807.714195    -427036.239646    -56809.768231     -30.980288       5.176373       0.093402
  503945.000    -177596.190463    -394127.324860    -56471.286999     -28.560815      12.999433       0.094646
  507545.000    -273114.365430    -334522.327681    -56128.310786     -24.203099      19.922917       0.095900
  511145.000    -349889.156486    -252329.738116    -55780.803659     -18.207997      25.476727       0.097163
  514745.000    -402738.208697    -153189.087601    -55428.726433     -10.987566      29.285239       0.098439
  518345.000    -428121.086603     -43882.687681    -55072.035526      -3.036654      31.092804       0.099727
  521945.000    -424377.409198      68129.995502    -54710.683606       5.101131      30.780986       0.101028
  525545.000    -391835.845663     175223.263626    -54344.618900      12.870724      28.376345       0.102345
  529145.000    -332786.786141     270126.286453    -53973.784944      19.743598      24.048277       0.103678
  532745.000    -251320.877422     346418.643962    -53598.119489      25.253860      18.097063       0.105030
  536345.000    -153044.821100     398966.407822    -53217.554263      29.029949      10.932982       0.106401
  539945.000     -44694.228573     424269.029957    -52832.014587      30.819802       3.047934       0.107793
  543545.000      66329.655672     420693.503797    -52441.418682      30.507744      -5.018447       0.109210
  547145.000     172467.395497     388580.065731    -52045.676133      28.121997     -12.715858       0.110653
  550745.000     266518.054583     330212.571251    -51644.687321      23.832284     -19.521007       0.112125
  554345.000     342129.696402     249655.992787    -51238.342557      17.937763     -24.973333       0.113629
  557945.000     394230.155107     152472.601468    -50826.520670      10.846109     -28.706294       0.115169
  561545.000     419368.746046      45336.689120    -50409.086543       3.045239     -30.472123       0.116748
  565145.000     415945.797435     -64425.403456    -49985.890403      -4.930368     -30.158338       0.118371
  568745.000     384314.671269    -169338.158778    -49556.765504     -12.536421     -27.794930       0.120042
  572345.000     326749.746691    -262288.021727    -49121.524316     -19.256100     -23.551747       0.121769
  575945.000     247283.076881    -337007.724603    -48679.956804     -24.635317     -17.726308       0.123558
  579545.000     151421.433275    -388500.705765    -48231.825957     -28.313520     -10.722902       0.125417
  583145.000      45763.625583    -413376.760433    -47776.862675     -30.047978      -3.024467       0.127356
  586745.000     -62455.240543    -410076.282263    -47314.761136     -29.729860       4.840824       0.129385
  590345.000    -165861.008590    -378968.201787    -46845.170213     -27.391080      12.335910       0.131519
  593945.000    -257444.926578    -322315.467703    -46367.685846     -23.201448      18.951655       0.133773
  597545.000    -331040.694385    -244111.044184    -45881.838477     -17.456386      24.241559       0.136169
  601145.000    -381741.508480    -149796.284719    -45387.079408     -10.556075      27.852017       0.138729
  604745.000    -406228.798407     -45881.563865    -44882.760747      -2.977537      29.546053       0.141485
  608345.000    -402990.544284      60504.320825    -44368.111114       4.758429      29.218938       0.144476
  611945.000    -372414.770679     162104.709680    -43842.201079      12.123130      26.904649       0.147750
  615545.000    -316752.461637     252031.738973    -43303.897061      18.616217      22.772789       0.151373
  619145.000    -239953.153133     324234.992836    -42751.796426      23.799776      17.116207       0.155432
  622745.000    -147385.198698     373910.148514    -42184.134260      27.327937      10.330238       0.160042
  626345.000     -45460.577341     397819.911427    -41598.645857      28.970000       2.885024       0.165367
  629945.000      58809.417669     394505.715619    -40992.356831      28.625491      -4.707134       0.171645
  633545.000     158296.636188     364376.283455    -40361.249726      26.330179     -11.927146       0.179227
  637145.000     246243.195615     309667.647778    -39699.708767      22.252646     -18.284765       0.188668
  640745.000     316719.539056     234278.003918    -38999.539606      16.681655     -23.352102       0.200885
  644345.000     365021.599900     143489.028759    -38248.111269      10.005125     -26.792869       0.217509
  647945.000     387978.936023      43591.984874    -37424.509327       2.681922     -28.385887       0.241720
  651545.000     384150.430480     -58560.731705    -36490.707455      -4.792147     -28.043446       0.280404
  655145.000     353891.000668    -156072.041642    -35369.804579     -11.920726     -25.834048       0.349427
  658745.000     299330.013171    -242660.162450    -33918.117624     -18.200885     -22.044687       0.458664
  660330.784     268576.491879    -276004.847106    -33171.428693     -20.533418     -19.966145       0.473595
