  -82854.436     189264.943720     280472.086747    116405.306722      19.510619     -13.244651       0.110862
  -79255.000     252789.201990     224559.617934    116797.761410      15.602105     -17.658618       0.107206
  -75655.000     300423.748512     154672.815874    117177.088163      10.723985     -20.962903       0.103534
  -72055.000     329204.762288      75207.926742    117543.171742       5.182990     -22.952256       0.099848
  -68455.000     337361.430439      -8855.396103    117895.961231      -0.673867     -23.504585       0.096149
  -64855.000     324413.325984     -92258.271644    118235.407526      -6.480473     -22.587640       0.092436
  -61255.000     291198.183440    -169791.050695    118561.463358     -11.874458     -20.260852       0.088710
  -57655.000     239817.502969    -236618.110077    118874.083295     -16.519763     -16.671468       0.084971
  -54055.000     173503.528586    -288578.778466    119173.223769     -20.127525     -12.045232       0.081221
  -50455.000      96416.024461    -322445.716542    119458.843079     -22.473994      -6.672190       0.077460
  -46855.000      13381.618262    -336124.755331    119730.901410     -23.414357      -0.888534       0.073687
  -43255.000     -70407.976384    -328783.864483    119989.360845     -22.891638       4.944410       0.069905
  -39655.000    -149720.022274    -300903.347208    120234.185372     -20.940119      10.462704       0.066113
  -36055.000    -219606.919151    -254244.264968    120465.340901     -17.683080      15.322464       0.062311
  -32455.000    -275714.179475    -191737.177931    120682.795272     -13.325011      19.221238       0.058501
  -28855.000    -314551.098128    -117298.231592    120886.518265      -8.138780      21.916779       0.054683
  -25255.000    -333707.339881     -35584.120047    121076.481607      -2.448581      23.242051       0.050857
  -21655.000    -332002.049740      48298.765577    121252.658988       3.390306      23.115548       0.047024
  -18055.000    -309556.297740     129112.871627    121415.026062       9.013648      21.546273       0.043184
  -14455.000    -267784.439731     201815.871824    121563.560456      14.070934      18.633103       0.039339
  -10855.000    -209305.013195     261874.620468    121698.241781      18.247172      14.558553       0.035488
   -7255.000    -137776.780114     305547.170252    121819.051633      21.282461       9.577357       0.031633
   -3655.000     -57670.168560     330115.356816    121925.973603      22.988122       4.000575       0.027773
     -55.000      26011.635578     334053.535057    122018.993278      23.258394      -1.823802       0.023909
    3545.000     108044.582307     317123.025476    122098.098251      22.076968      -7.532517       0.020043
    7145.000     183309.237478     280386.445729    122163.278118      19.517963     -12.769656       0.016173
   10745.000     247109.618459     226141.077078    122214.524486      15.741279     -17.208787       0.012302
   14345.000     295465.577411     157775.439596    122251.830973      10.982623     -20.573259       0.008429
   17945.000     325360.573513      79558.013051    122275.193212       5.538829     -22.653403       0.004555
   21545.000     334929.449218      -3628.752106    122284.608850      -0.250617     -23.319573       0.000681
   25145.000     323574.551748     -86592.597357    122280.077550      -6.024705     -22.530197      -0.003193
   28745.000     292002.988753    -164154.889237    122261.600988     -11.423361     -20.334377      -0.007066
   32345.000     242182.701259    -231473.224590    122229.182857     -16.109850     -16.868833      -0.010938
   35945.000     177220.074824    -284343.159483    122182.828860     -19.791740     -12.349420      -0.014808
   39545.000     101166.679727    -319460.305603    122122.546714     -22.239104      -7.057709      -0.018676
   43145.000      18767.131626    -334626.492826    122048.346141     -23.298857      -1.323491      -0.022541
   46745.000     -64836.276935    -328887.162594    121960.238868     -22.904312       4.495734      -0.026402
   50345.000    -144423.833197    -302591.419787    121858.238623     -21.079376      10.036987      -0.030259
   53945.000    -215023.652902    -257370.967513    121742.361127     -17.937115      14.954412      -0.034111
   57545.000    -272221.702133    -196039.183158    121612.624096     -13.672773      18.940811      -0.037958
   61145.000    -312437.303922    -122416.553777    121469.047224      -8.551674      21.746803      -0.041800
   64745.000    -333146.968627     -41093.267336    121311.652187      -2.892762      23.196401      -0.045635
   68345.000    -333042.580796      42856.330411    121140.462628       2.951218      23.198031      -0.049463
   71945.000    -312114.038682     124189.698527    120955.504155       8.615656      21.750328      -0.053284
   75545.000    -271651.125128     197822.858498    120756.804326      13.746776      18.942305      -0.057097
   79145.000    -214164.401064     259147.627880    120544.392647      18.023691      14.947915      -0.060902
   82745.000    -143229.945122     304319.576606    120318.300555      21.178435      10.015312      -0.064697
   86345.000     -63267.503252     330498.744976    120078.561414      23.012734       4.451478      -0.068483
   89945.000      20734.233822     336028.072667    119825.210501      23.410453      -1.396826      -0.072259
   93545.000     103528.198248     320538.337721    119558.284993      22.344953      -7.164627      -0.076025
   97145.000     179936.073296     284972.956627    119277.823959      19.880892     -12.491468      -0.079779
  100745.000     245171.633938     231530.970162    118983.868344      16.170327     -17.043889      -0.083522
  104345.000     295140.150026     163531.627086    118676.460956      11.443378     -20.536276      -0.087252
  107945.000     326695.153537      85208.863495    118355.646455       5.994001     -22.748760      -0.090970
  111545.000     337836.488029       1448.356004    118021.471335       0.161764     -23.541050      -0.094675
  115145.000     327837.180968     -82516.571311    117673.983912      -5.689267     -22.861336      -0.098366
  118745.000     297291.085331    -161431.308707    117313.234307     -11.193204     -20.749693      -0.102042
  122345.000     248078.154350    -230348.284421    116939.274432     -16.005178     -17.335761      -0.105705
  125945.000     183249.338033    -284936.774019    116552.157972     -19.822923     -12.830828      -0.109352
  129545.000     106838.104344    -321754.824202    116151.940368     -22.405741      -7.514808      -0.112983
  133145.000      23610.179406    -338466.233771    115738.678802     -23.589676      -1.718897      -0.116598
  136745.000     -61233.016967    -333988.917157    115312.432178     -23.297932       4.195006      -0.120197
  140345.000    -142378.835409    -308565.220090    114873.261102     -21.545870       9.856854      -0.123778
  143945.000    -214735.565689    -263749.601136    114421.227867     -18.440265      14.911566      -0.127342
  147545.000    -273751.578294    -202314.237329    113956.396432     -14.172850      19.041271      -0.130888
  151145.000    -315701.461945    -128078.237429    113478.832402      -9.008528      21.985284      -0.134416
  154745.000    -337921.183258     -45670.933183    112988.603011      -3.268984      23.556556      -0.137925
  158345.000    -338977.425902      39756.132372    112485.777098       2.687304      23.653575      -0.141414
  161945.000    -318760.334430     122850.650745    111970.425090       8.487407      22.266943      -0.144883
  165545.000    -278493.642119     198394.414399    111442.618979      13.767260      19.480209      -0.148333
  169145.000    -220661.308509     261630.688157    110902.432303      18.194490      15.464892      -0.151761
  172745.000    -148855.011108     308563.571820    110349.940123      21.489325      10.469979      -0.155169
  176345.000     -67551.801355     336210.525619    109785.219000      23.442277       4.806535      -0.158555
  179945.000      18164.363875     342792.098831    109208.346975      23.927474      -1.171611      -0.161919
  183545.000     102919.944224     327846.779316    108619.403548      22.910799      -7.089935      -0.165261
  187145.000     181388.228206     292263.529431    108018.469651      20.452294     -12.576639      -0.168581
  190745.000     248623.808424     238229.704328    107405.627630      16.702685     -17.285993      -0.171877
  194345.000     300374.139514     169097.342864    106780.961217      11.894189     -20.920107      -0.175150
  197945.000     333348.560435      89175.948772    106144.555513       6.326193     -23.247777      -0.178399
  201545.000     345427.759056       3464.518408    105496.496958       0.346664     -24.119211      -0.181623
  205145.000     335800.330622     -82660.571181    104836.873312      -5.669557     -23.475695      -0.184824
  208745.000     305017.606951    -163782.369097    104165.773628     -11.344217     -21.353572      -0.187999
  212345.000     254963.030276    -234783.784905    103483.288232     -16.319413     -17.882262      -0.191149
  215945.000     188737.697281    -291170.275713    102789.508694     -20.280157     -13.276430      -0.194273
  219545.000     110468.970460    -329354.444587    102084.527808     -22.974327      -7.822766      -0.197372
  223145.000      25053.914343    -346884.523876    101368.439564     -24.228728      -1.862193      -0.200444
  226745.000     -62146.543815    -342602.174167    100641.339127     -23.960260       4.231408      -0.203490
  230345.000    -145643.668893    -316719.416923     99903.322811     -22.181447      10.074613      -0.206508
  233945.000    -220166.152820    -270809.565005     99154.488051     -18.999976      15.298567      -0.209500
  237545.000    -280992.832998    -207712.406001     98394.933386     -14.612235      19.572261      -0.212464
  241145.000    -324251.898870    -131359.291229     97624.758427      -9.291253      22.623511      -0.215400
  244745.000    -347167.616847     -46528.848838     96844.063834      -3.369755      24.256319      -0.218308
  248345.000    -348238.832633      41451.547759     96052.951295       2.780600      24.363486      -0.221188
  251945.000    -327337.744359     127039.945806     95251.523496       8.772515      22.933685      -0.224039
  255545.000    -285722.417971     204828.681268     94439.884100      14.227430      20.052510      -0.226861
  259145.000    -225961.927879     269886.004142     93618.137719      18.799435      15.897420      -0.229654
  262745.000    -151778.511840     318068.882541     92786.389891      22.197211      10.726867      -0.232417
  266345.000     -67816.382786     346287.136268     91944.747058      24.202618       4.864265      -0.235151
  269945.000      20648.491037     352702.039985     91093.316534      24.684728      -1.322198      -0.237855
  273545.000     108039.539897     336846.603056     90232.206489      23.608408      -7.442652      -0.240528
  277145.000     188830.922205     299659.626215     89361.525916      21.036884     -13.110104      -0.243172
  280745.000     257896.910426     243431.049287     88481.384615      17.128096     -17.964903      -0.245784
  284345.000     310837.244129     171661.699738     87591.893160      12.125059     -21.697574      -0.248366
  287945.000     344257.787681      88845.976077     86693.162882       6.340800     -24.068573      -0.250917
  291545.000     355988.569845        190.909216     85785.305841       0.138811     -24.923686      -0.253436
  295145.000     345225.168299     -88710.874152     84868.434802      -6.089764     -24.204098      -0.255925
  298745.000     312584.193671    -172233.771567     83942.663213     -11.950786     -21.950461      -0.258381
  302345.000     260069.026129    -245075.188118     83008.105178     -17.072064     -18.300680      -0.260806
  305945.000     190947.623984    -302592.356728     82064.875437     -21.126998     -13.481531      -0.263199
  309545.000     109549.800489    -341098.588255     81113.089340     -23.855436      -7.794620      -0.265559
  313145.000      20996.498320    -358100.024953     80152.862825     -25.080396      -1.597544      -0.267888
  316745.000     -69122.046558    -352457.662210     79184.312393     -24.719582       4.718572      -0.270184
  320345.000    -155099.049097    -324464.077529     78207.555086     -22.790943      10.753745      -0.272447
  323945.000    -231472.580488    -275829.670433     77222.708467     -19.411900      16.124470      -0.274678
  327545.000    -293372.745555    -209578.935521     76229.890592     -14.792248      20.488101      -0.276876
  331145.000    -336832.550834    -129863.001731     75229.219990      -9.221185      23.564739      -0.279040
  334745.000    -359042.595052     -41700.011483     74220.815645      -3.049242      25.155215      -0.281172
  338345.000    -358533.198310      49340.457241     73204.796965       3.333756      25.154029      -0.283270
  341945.000    -335272.127088     137489.102307     72181.283768       9.523289      23.556373      -0.285336
  345545.000    -290671.385527     217142.541844     71150.396258      15.125795      20.458802      -0.287367
  349145.000    -227502.295128     283219.714955     70112.255002      19.783699      16.053452      -0.289365
  352745.000    -149723.911322     331486.355122     69066.980911      23.198268      10.616175      -0.291330
  356345.000     -62235.356002     358826.790598     68014.695218      25.148801       4.489292      -0.293261
  359945.000      29432.473384     363445.592157     66955.519457      25.506933      -1.939928      -0.295158
  363545.000     119466.438765     344985.981082     65889.575445      24.245123      -8.263747      -0.297021
  367145.000     202139.859024     304557.154651     64816.985259      21.438747     -14.079813      -0.298850
  370745.000     272176.981216     244668.452507     63737.871217      17.261665     -19.016781      -0.300645
  374345.000     325090.012944     169074.210130     62652.355859      11.975492     -22.758049      -0.302406
  377945.000     357467.159374      82538.848416     61560.561928       5.913245     -25.062094      -0.304133
  381545.000     367193.144987      -9463.133411     60462.612348      -0.541617     -25.778104      -0.305826
  385145.000     353587.929841    -101093.389744     59358.630208      -6.979438     -24.855889      -0.307485
  388745.000     317454.488386    -186520.294718     58248.738745     -12.990370     -22.349410      -0.309109
  392345.000     261032.280702    -260290.316658     57133.061320     -18.190484     -18.413693      -0.310699
  395945.000     187859.046366    -317676.533826     56011.721405     -22.246320     -13.295281      -0.312255
  399545.000     102549.407871    -354981.992712     54884.842562     -24.896301      -7.316823      -0.313776
  403145.000      10504.109251    -369778.407045     53752.548430     -25.967649      -0.856753      -0.315263
  406745.000     -82431.807089    -361064.748645     52614.962701     -25.387682       5.674658      -0.316716
  410345.000    -170340.255909    -329335.336644     51472.209109     -23.188774      11.861366      -0.318134
  413945.000    -247607.209486    -276552.770589     50324.411411     -19.506625      17.308072      -0.319518
  417545.000    -309281.596309    -206027.111577     49171.693369     -14.571926      21.665509      -0.320868
  421145.000    -351393.027344    -122208.707816     48014.178738      -8.695939      24.652872      -0.322183
  424745.000    -371207.926959     -30407.603459     46851.991246      -2.250880      26.075955      -0.323464
  428345.000    -367407.508539      63542.794156     45685.254580       4.353656      25.839811      -0.324710
  431945.000    -340175.971036     153656.489694     44514.092372      10.696730      23.955122      -0.325923
  435545.000    -291192.990529     234176.542961     43338.628182      16.372913      20.537832      -0.327100
  439145.000    -223530.678675     299943.229613     42158.985483      21.018217      15.802057      -0.328244
  442745.000    -141461.288896     346725.148253     40975.287649      24.333483      10.046698      -0.329353
  446345.000     -50187.680193     371491.992946     39787.657939      26.103675       3.636590      -0.330428
  449945.000      44486.470750     372611.370531     38596.219483      26.211875      -3.020619      -0.331469
  453545.000     136525.807800     349956.843317     37401.095270      24.647030      -9.500405      -0.332476
  457145.000     220048.296450     304920.016358     36202.408131      21.504965     -15.388456      -0.333449
  460745.000     289701.509310     240325.606407     35000.280730      16.982552     -20.307192      -0.334387
  464345.000     341006.097093     160254.636359     33794.835549      11.365406     -23.940012      -0.335292
  467945.000     370644.371039      69786.797090     32586.194876       5.009855     -26.051710      -0.336162
  471545.000     376675.368644     -25321.771206     31374.480791      -1.679659     -26.503744      -0.336999
  475145.000     358662.425379    -119004.840254     30159.815158      -8.276326     -25.263354      -0.337802
  478745.000     317704.836844    -205273.270099     28942.319607     -14.358219     -22.405945      -0.338571
  482345.000     256371.314768    -278598.269893     27722.115530     -19.535313     -18.110536      -0.339307
  485945.000     178539.225669    -334266.189970     26499.324062     -23.474526     -12.648576      -0.340009
  489545.000      89149.650286    -368682.044823     25274.066077     -25.921188      -6.366794      -0.340677
  493145.000      -6106.274139    -379602.186751     24046.462171     -26.715546       0.334800      -0.341312
  496745.000    -101149.817945    -366281.035858     22816.632656     -25.803223       7.028408      -0.341914
  500345.000    -189902.834058    -329522.239548     21584.697547     -23.238961      13.285764      -0.342482
  503945.000    -266676.836253    -271630.735870     20350.776555     -19.183376      18.705569      -0.343017
  507545.000    -326538.047606    -196268.540155     19114.989072     -13.892924      22.939257      -0.343519
  511145.000    -365624.960478    -108223.256580     17877.454167      -7.703688      25.713452      -0.343988
  514745.000    -381397.933527     -13103.938101     16638.290573      -1.010033      26.847655      -0.344424
  518345.000    -372804.657970      83016.383210     15397.616679       5.760532      26.266022      -0.344827
  521945.000    -340350.681689     173988.702486     14155.550522      12.174684      24.002456      -0.345197
  525545.000    -286070.244635     253981.775418     12912.209777      17.821043      20.198679      -0.345535
  529145.000    -213399.064575     317856.340159     11667.711749      22.336588      15.095375      -0.345840
  532745.000    -126957.009063     361495.780215     10422.173363      25.430038       9.016974      -0.346113
  536345.000     -32254.392593     382071.919224      9175.711162      26.900670       2.351023      -0.346353
  539945.000      64659.427086     378228.752654      7928.441289      26.651382      -4.476534      -0.346562
  543545.000     157582.732026     350172.150272      6680.479492      24.695124     -11.028592      -0.346738
  547145.000     240558.669184     299659.573444      5431.941103      21.154286     -16.884897      -0.346882
  550745.000     308257.548316     229890.258395      4182.941043      16.253061     -21.669036      -0.346994
  554345.000     356319.646539     145302.709495      2933.593807      10.303259     -25.072663      -0.347075
  557945.000     381636.437350      51292.314170      1684.013461       3.684463     -26.875406      -0.347124
  561545.000     382552.070589     -46132.951510       434.313633      -3.180193     -26.959170      -0.347141
  565145.000     358972.015252    -140736.743911      -815.392491      -9.851102     -25.315894      -0.347127
  568745.000     312371.714563    -226453.907778     -2064.992176     -15.900357     -22.048265      -0.347082
  572345.000     245704.512414    -297779.741651     -3314.373141     -20.939234     -17.363314      -0.347006
  575945.000     163214.580650    -350123.959138     -4563.423567     -24.643207     -11.559312      -0.346899
  579545.000      70166.691594    -380106.553732     -5812.032103     -26.772874      -5.006769      -0.346760
  583145.000     -27489.954495    -385776.466069     -7060.087871     -27.189470       1.875223      -0.346591
  586745.000    -123502.368525    -366738.879080     -8307.480470     -25.863926       8.645822      -0.346392
  590345.000    -211714.504172    -324182.813810     -9554.099982     -22.878907      14.870697      -0.346162
  593945.000    -286462.374717    -260807.092126    -10799.836979     -18.423669      20.149921      -0.345902
  597545.000    -342938.165637    -180649.261790    -12044.582527     -12.782070      24.143700      -0.345611
  601145.000    -377499.904899     -88828.324275    -13288.228188      -6.314477      26.594273      -0.345291
  604745.000    -387906.715216       8782.336134    -14530.666029       0.565268      27.342578      -0.344940
  608345.000    -373464.425496     105930.910945    -15771.788622       7.416346      26.338597      -0.344560
  611945.000    -335072.058553     196387.928328    -17011.489052      13.799231      23.644715      -0.344150
  615545.000    -275166.070945     274346.100895    -18249.660922      19.303923      19.431855      -0.343711
  619145.000    -197565.790223     334793.566984    -19486.198350      23.576308      13.968637      -0.343242
  622745.000    -107229.852221     373836.507182    -20720.995983      26.340973       7.604248      -0.342744
  626345.000      -9939.176791     388950.340510    -21953.948993      27.418985       0.746107      -0.342217
  629945.000      88073.235803     379143.269966    -23184.953082      26.739493      -6.166238      -0.341662
  633545.000     180521.960348     345021.562717    -24413.904491      24.344401     -12.689302      -0.341077
  637145.000     261472.603641     288752.256111    -25640.699995      20.385792     -18.404148      -0.340464
  640745.000     325723.137758     213925.571729    -26865.236914      15.116279     -22.943320      -0.339822
  644345.000     369138.577492     125325.771790    -28087.413111       8.872872     -26.014503      -0.339152
  647945.000     388917.443140      28625.089839    -29307.126999       2.055417     -27.419367      -0.338454
  651545.000     383772.813756     -69979.669674    -30524.277538      -4.899035     -27.066398      -0.337728
  655145.000     354016.251121    -164164.561253    -31738.764247     -11.544270     -24.976873      -0.336974
  658745.000     301539.109751    -247884.444474    -32950.487198     -17.453569     -21.283589      -0.336193
  660330.784     272031.634204    -280021.410723    -33483.343161     -19.722751     -19.205389      -0.335840
